Tanggal,Keterangan,Debit,Kredit,Saldo
04/22/2024, Pembelian bahan baku ,505000,,505000
04/23/2024, Pembelian bahan baku ,142000,,647000
04/24/2024, Pembelian bahan baku ,159000,,806000
04/25/2024, Pembelian bahan baku ,229500,,1035500
04/26/2024, Pembelian bahan baku ,258000,,1293500
04/27/2024, Pembelian bahan baku ,142000,,1435500
04/28/2024, Pembelian bahan baku ,229500,,1665000
04/29/2024, Pembelian bahan baku ,350500,,2015500
04/30/2024, Pembelian bahan baku ,159000,,2174500
